/Users/aaron/code/captcha_detection/images/162.png 47,105,75,141,0 157,52,181,80,0 197,85,229,120,0 265,85,296,117,0 257,131,293,166,0 355,63,386,90,0
/Users/aaron/code/captcha_detection/images/88.png 93,46,129,86,0 79,139,114,174,0 209,42,237,72,0 200,68,226,98,0 256,53,295,86,0 209,134,247,171,0
/Users/aaron/code/captcha_detection/images/176.png 43,88,76,120,0 123,91,153,127,0 98,155,127,184,0 189,117,224,152,0 289,54,319,86,0 348,123,374,151,0
/Users/aaron/code/captcha_detection/images/63.png 36,128,72,161,0 79,130,104,161,0 127,120,160,153,0 305,111,329,138,0 302,125,334,153,0 342,81,380,119,0
/Users/aaron/code/captcha_detection/images/77.png 164,114,200,150,0 193,147,225,182,0 309,90,336,120,0 349,89,382,121,0 321,126,352,155,0 298,150,327,177,0
/Users/aaron/code/captcha_detection/images/189.png 119,90,148,118,0 122,132,150,159,0 208,44,240,76,0 279,60,314,97,0 299,65,334,98,0 331,93,364,129,0
/Users/aaron/code/captcha_detection/images/200.png 232,58,265,91,0 288,58,316,85,0 49,118,78,148,0 55,134,83,163,0 75,148,103,175,0 312,131,343,163,0
/Users/aaron/code/captcha_detection/images/76.png 20,61,56,97,0 29,108,57,139,0 76,117,111,154,0 139,117,167,147,0 204,116,242,157,0 336,153,376,191,0
/Users/aaron/code/captcha_detection/images/188.png 29,94,60,129,0 38,75,75,109,0 67,54,104,88,0 162,137,198,171,0 267,136,294,163,0 318,62,358,105,0
/Users/aaron/code/captcha_detection/images/62.png 26,96,60,134,0 77,61,116,96,0 95,123,127,155,0 114,91,147,119,0 268,79,307,117,0 263,150,294,179,0
/Users/aaron/code/captcha_detection/images/89.png 19,50,50,77,0 170,45,204,77,0 143,72,172,100,0 139,83,171,113,0 168,123,202,160,0 178,151,214,183,0
/Users/aaron/code/captcha_detection/images/177.png 19,118,52,151,0 157,78,189,112,0 222,65,259,99,0 274,134,306,162,0 317,141,351,178,0 327,164,361,198,0
/Users/aaron/code/captcha_detection/images/163.png 139,85,176,123,0 174,138,204,168,0 157,158,194,194,0 229,100,258,131,0 250,106,289,142,0 261,124,289,151,0
/Users/aaron/code/captcha_detection/images/175.png 55,61,84,90,0 171,52,201,81,0 194,71,222,101,0 193,112,214,139,0 202,142,231,173,0 345,138,379,172,0
/Users/aaron/code/captcha_detection/images/161.png 163,62,197,95,0 159,77,192,112,0 255,124,286,160,0 278,118,313,152,0 328,141,356,168,0 369,61,400,97,0
/Users/aaron/code/captcha_detection/images/149.png 73,138,106,171,0 202,154,235,185,0 239,135,268,165,0 316,88,352,122,0 337,125,366,152,0 269,161,301,187,0
/Users/aaron/code/captcha_detection/images/48.png 37,141,73,179,0 104,105,135,138,0 153,78,186,110,0 188,74,221,106,0 206,65,235,94,0 209,135,243,167,0
/Users/aaron/code/captcha_detection/images/74.png 32,50,68,85,0 89,78,118,108,0 179,159,213,194,0 213,155,244,186,0 248,110,282,150,0 253,135,289,172,0
/Users/aaron/code/captcha_detection/images/60.png 99,155,134,188,0 208,150,242,185,0 218,122,256,159,0 255,77,285,107,0 271,105,302,133,0 286,105,322,141,0
/Users/aaron/code/captcha_detection/images/61.png 61,93,96,128,0 28,150,59,180,0 139,125,171,159,0 193,125,226,156,0 323,120,360,159,0 328,56,366,92,0
/Users/aaron/code/captcha_detection/images/75.png 92,144,124,173,0 253,38,284,67,0 248,83,275,112,0 295,80,327,110,0 290,111,328,146,0 343,145,375,177,0
/Users/aaron/code/captcha_detection/images/49.png 40,113,68,148,0 35,155,66,184,0 149,132,187,167,0 233,129,259,159,0 312,85,345,116,0 359,150,394,183,0
/Users/aaron/code/captcha_detection/images/148.png 86,41,121,76,0 31,76,63,108,0 56,114,92,151,0 141,119,175,152,0 256,45,280,79,0 304,122,328,151,0
/Users/aaron/code/captcha_detection/images/160.png 27,80,50,113,0 223,52,252,81,0 108,146,139,178,0 152,115,183,145,0 285,159,309,188,0 358,139,384,168,0
/Users/aaron/code/captcha_detection/images/174.png 18,46,48,75,0 65,111,91,142,0 204,146,235,174,0 204,140,238,175,0 273,147,308,181,0 310,149,341,178,0
/Users/aaron/code/captcha_detection/images/158.png 16,70,55,106,0 199,63,238,105,0 37,150,68,179,0 301,146,328,173,0 314,128,347,162,0 361,120,394,152,0
/Users/aaron/code/captcha_detection/images/164.png 168,65,191,95,0 32,103,67,135,0 47,115,79,146,0 99,115,128,143,0 256,107,290,145,0 236,150,273,184,0
/Users/aaron/code/captcha_detection/images/71.png 24,48,57,81,0 50,77,87,112,0 89,88,122,120,0 44,156,82,191,0 221,93,260,129,0 274,52,306,83,0
/Users/aaron/code/captcha_detection/images/65.png 57,96,94,133,0 171,112,204,142,0 185,107,209,138,0 288,42,321,76,0 309,57,337,85,0 286,154,320,188,0
/Users/aaron/code/captcha_detection/images/59.png 94,45,127,73,0 185,61,224,98,0 183,157,222,195,0 220,134,256,167,0 233,151,269,186,0 299,117,331,148,0
/Users/aaron/code/captcha_detection/images/58.png 173,72,205,105,0 223,57,260,92,0 252,83,286,114,0 242,126,274,160,0 280,118,313,154,0 271,150,299,179,0
/Users/aaron/code/captcha_detection/images/64.png 105,92,134,121,0 142,132,171,158,0 120,158,160,195,0 185,106,219,136,0 322,153,361,192,0 347,132,377,168,0
/Users/aaron/code/captcha_detection/images/70.png 74,44,111,82,0 99,114,131,146,0 117,112,143,144,0 115,141,144,167,0 314,68,344,96,0 358,102,393,135,0
/Users/aaron/code/captcha_detection/images/165.png 106,81,138,112,0 178,73,209,103,0 156,145,183,178,0 199,148,238,183,0 325,130,349,157,0 359,113,384,141,0
/Users/aaron/code/captcha_detection/images/171.png 138,50,164,76,0 100,144,133,176,0 160,158,194,194,0 190,143,224,176,0 286,107,318,138,0 329,128,368,163,0
/Users/aaron/code/captcha_detection/images/159.png 81,47,114,80,0 63,84,98,120,0 104,82,139,113,0 319,45,348,76,0 167,129,197,159,0 282,137,319,174,0
/Users/aaron/code/captcha_detection/images/99.png 80,112,106,145,0 210,79,246,115,0 239,50,270,81,0 306,55,337,88,0 211,144,249,183,0 347,135,385,171,0
/Users/aaron/code/captcha_detection/images/167.png 37,107,71,140,0 93,109,126,143,0 223,138,261,173,0 272,137,302,171,0 245,112,277,143,0 270,92,297,122,0
/Users/aaron/code/captcha_detection/images/173.png 83,141,120,178,0 100,123,137,159,0 122,125,156,157,0 170,48,196,76,0 283,42,308,72,0 273,141,308,177,0
/Users/aaron/code/captcha_detection/images/66.png 84,60,112,90,0 145,64,178,96,0 121,114,147,143,0 154,123,188,162,0 141,154,175,186,0 368,77,393,108,0
/Users/aaron/code/captcha_detection/images/198.png 41,65,69,93,0 84,143,117,178,0 130,128,164,160,0 180,121,214,153,0 248,126,277,158,0 281,72,316,104,0
/Users/aaron/code/captcha_detection/images/72.png 51,92,87,124,0 164,125,198,160,0 333,46,367,78,0 326,81,363,116,0 347,98,372,126,0 321,128,348,160,0
/Users/aaron/code/captcha_detection/images/8.png 31,62,64,97,0 169,152,198,180,0 257,110,293,148,0 309,78,339,110,0 291,150,325,188,0 331,127,361,163,0
/Users/aaron/code/captcha_detection/images/9.png 21,138,56,175,0 232,60,260,90,0 125,127,154,153,0 98,148,134,186,0 229,140,258,170,0 364,147,390,177,0
/Users/aaron/code/captcha_detection/images/73.png 147,58,174,90,0 219,42,256,78,0 332,43,358,72,0 301,80,335,116,0 250,160,282,188,0 329,141,361,171,0
/Users/aaron/code/captcha_detection/images/67.png 104,44,142,78,0 142,83,173,112,0 62,156,85,187,0 177,121,207,150,0 192,124,222,153,0 255,119,291,155,0
/Users/aaron/code/captcha_detection/images/199.png 24,53,54,81,0 53,98,84,132,0 93,101,127,134,0 138,117,171,150,0 209,123,241,155,0 229,91,256,123,0
/Users/aaron/code/captcha_detection/images/172.png 53,139,82,167,0 124,82,156,116,0 151,93,187,125,0 185,65,223,100,0 263,70,299,106,0 221,125,258,162,0
/Users/aaron/code/captcha_detection/images/98.png 54,118,94,158,0 118,112,155,149,0 259,148,292,181,0 268,48,299,80,0 288,55,311,82,0 278,57,309,84,0
/Users/aaron/code/captcha_detection/images/166.png 55,126,78,155,0 219,118,255,152,0 250,120,284,155,0 321,66,355,99,0 293,96,326,130,0 319,130,348,159,0
/Users/aaron/code/captcha_detection/images/101.png 19,82,59,120,0 50,157,82,185,0 101,165,144,200,0 219,66,258,103,0 240,45,279,82,0 360,73,398,109,0
/Users/aaron/code/captcha_detection/images/115.png 25,151,60,183,0 125,119,158,152,0 115,136,148,165,0 224,81,264,118,0 216,149,246,175,0 305,126,342,162,0
/Users/aaron/code/captcha_detection/images/129.png 157,55,194,90,0 201,105,230,133,0 171,154,205,186,0 245,135,267,162,0 239,138,274,172,0 363,137,394,169,0
/Users/aaron/code/captcha_detection/images/28.png 83,78,111,108,0 15,143,50,177,0 37,157,60,189,0 109,125,142,157,0 195,65,231,100,0 355,74,386,105,0
/Users/aaron/code/captcha_detection/images/14.png 49,109,82,142,0 234,40,274,75,0 238,72,273,108,0 343,89,378,124,0 258,115,297,153,0 94,157,128,194,0
/Users/aaron/code/captcha_detection/images/15.png 136,43,168,76,0 264,93,299,130,0 127,151,162,185,0 213,139,238,167,0 307,117,333,144,0 304,132,339,166,0
/Users/aaron/code/captcha_detection/images/29.png 16,67,51,97,0 28,131,59,161,0 57,153,88,185,0 178,85,210,119,0 316,109,356,147,0 363,140,392,168,0
/Users/aaron/code/captcha_detection/images/128.png 93,69,123,97,0 192,81,225,112,0 197,92,230,121,0 134,142,166,174,0 173,136,205,170,0 197,126,225,159,0
/Users/aaron/code/captcha_detection/images/114.png 47,59,76,91,0 90,126,119,154,0 134,128,167,158,0 200,140,229,168,0 163,156,192,184,0 325,160,354,190,0
/Users/aaron/code/captcha_detection/images/100.png 106,65,134,98,0 99,137,127,165,0 123,131,151,161,0 211,121,239,147,0 279,76,308,105,0 359,153,395,187,0
/Users/aaron/code/captcha_detection/images/116.png 199,46,227,82,0 18,154,53,190,0 170,111,210,150,0 160,150,191,178,0 269,138,297,166,0 336,125,369,157,0
/Users/aaron/code/captcha_detection/images/102.png 98,42,129,78,0 114,96,143,125,0 102,126,134,160,0 229,133,265,171,0 269,139,307,178,0 359,94,392,128,0
/Users/aaron/code/captcha_detection/images/17.png 34,151,69,185,0 174,122,199,156,0 225,108,264,145,0 273,136,305,168,0 336,62,372,100,0 356,66,388,98,0
/Users/aaron/code/captcha_detection/images/16.png 27,56,62,92,0 90,73,123,106,0 168,47,199,75,0 160,56,187,85,0 157,156,193,194,0 310,51,344,84,0
/Users/aaron/code/captcha_detection/images/103.png 18,76,49,107,0 63,53,97,88,0 93,78,116,106,0 92,141,122,172,0 237,125,268,155,0 349,109,385,145,0
/Users/aaron/code/captcha_detection/images/117.png 65,63,96,93,0 214,55,242,86,0 299,122,334,156,0 111,128,137,156,0 117,136,153,170,0 128,152,158,182,0
/Users/aaron/code/captcha_detection/images/113.png 21,90,54,120,0 78,110,104,145,0 194,90,224,120,0 263,130,296,160,0 296,127,329,158,0 355,73,383,100,0
/Users/aaron/code/captcha_detection/images/107.png 205,47,234,75,0 146,78,174,112,0 170,119,200,150,0 260,104,286,131,0 252,136,288,171,0 300,104,337,145,0
/Users/aaron/code/captcha_detection/images/12.png 30,120,62,150,0 179,77,211,111,0 87,153,114,183,0 104,150,134,184,0 220,87,255,120,0 292,157,321,189,0
/Users/aaron/code/captcha_detection/images/13.png 42,48,76,81,0 144,58,172,86,0 233,67,267,100,0 141,76,168,105,0 49,150,79,182,0 85,148,120,187,0
/Users/aaron/code/captcha_detection/images/106.png 148,61,170,91,0 189,106,222,141,0 105,156,139,191,0 274,65,309,99,0 257,89,288,122,0 327,155,362,192,0
/Users/aaron/code/captcha_detection/images/112.png 89,108,125,144,0 173,130,206,162,0 81,157,113,189,0 225,57,257,87,0 213,71,246,105,0 357,73,394,108,0
/Users/aaron/code/captcha_detection/images/138.png 37,90,72,125,0 161,50,192,82,0 194,45,229,79,0 195,55,224,83,0 215,66,252,108,0 325,110,352,137,0
/Users/aaron/code/captcha_detection/images/104.png 108,67,138,93,0 142,60,175,89,0 145,67,176,97,0 308,45,344,77,0 332,68,370,113,0 308,127,348,156,0
/Users/aaron/code/captcha_detection/images/110.png 21,52,49,80,0 27,60,61,95,0 54,80,84,107,0 56,105,94,141,0 194,130,221,161,0 246,78,281,112,0
/Users/aaron/code/captcha_detection/images/11.png 35,151,63,185,0 253,114,278,140,0 234,131,269,170,0 268,148,303,187,0 313,143,344,172,0 311,160,340,187,0
/Users/aaron/code/captcha_detection/images/39.png 57,136,90,168,0 91,77,128,113,0 147,65,184,101,0 214,121,248,156,0 258,81,294,115,0 320,61,348,88,0
/Users/aaron/code/captcha_detection/images/38.png 61,159,96,191,0 135,97,164,125,0 210,97,249,135,0 325,53,364,91,0 359,81,397,119,0 362,116,392,145,0
/Users/aaron/code/captcha_detection/images/10.png 96,65,133,100,0 230,63,267,100,0 341,87,379,126,0 63,149,99,182,0 113,144,144,175,0 233,150,262,182,0
/Users/aaron/code/captcha_detection/images/111.png 65,80,97,113,0 73,93,100,116,0 60,98,96,135,0 187,80,218,112,0 113,163,149,199,0 340,95,376,131,0
/Users/aaron/code/captcha_detection/images/105.png 42,87,75,116,0 159,56,189,84,0 74,123,108,161,0 138,138,170,170,0 191,129,226,165,0 269,90,303,122,0
/Users/aaron/code/captcha_detection/images/139.png 107,76,134,101,0 104,119,127,151,0 200,91,230,120,0 179,112,209,142,0 217,117,244,143,0 233,140,261,168,0
/Users/aaron/code/captcha_detection/images/120.png 32,125,66,162,0 53,98,85,130,0 38,66,71,99,0 61,50,97,88,0 257,127,285,160,0 289,126,325,161,0
/Users/aaron/code/captcha_detection/images/134.png 25,108,54,137,0 81,112,117,149,0 137,95,171,130,0 165,112,196,141,0 266,91,295,118,0 230,126,267,163,0
/Users/aaron/code/captcha_detection/images/108.png 148,123,175,155,0 165,92,202,133,0 210,128,237,156,0 314,75,343,103,0 307,120,344,155,0 326,148,356,179,0
/Users/aaron/code/captcha_detection/images/21.png 58,71,94,108,0 30,108,67,146,0 96,87,122,115,0 186,71,218,106,0 229,88,265,125,0 337,47,371,80,0
/Users/aaron/code/captcha_detection/images/35.png 84,157,115,187,0 184,93,214,121,0 208,127,247,166,0 316,130,347,162,0 358,58,387,93,0 351,66,391,104,0
/Users/aaron/code/captcha_detection/images/34.png 78,147,109,175,0 123,135,157,168,0 161,156,190,185,0 209,80,244,116,0 226,157,247,186,0 279,125,320,163,0
/Users/aaron/code/captcha_detection/images/20.png 36,50,67,81,0 19,56,52,91,0 59,114,88,143,0 78,105,119,144,0 87,159,125,197,0 358,122,386,152,0
/Users/aaron/code/captcha_detection/images/109.png 177,91,216,129,0 71,155,103,187,0 125,136,159,168,0 152,140,179,175,0 248,156,275,185,0 318,152,350,185,0
/Users/aaron/code/captcha_detection/images/135.png 37,75,69,105,0 29,76,60,105,0 31,99,64,131,0 69,120,97,152,0 223,68,258,101,0 299,54,328,81,0
/Users/aaron/code/captcha_detection/images/121.png 109,64,140,99,0 173,81,209,116,0 147,119,175,148,0 248,114,282,148,0 179,146,212,177,0 361,51,384,80,0
/Users/aaron/code/captcha_detection/images/137.png 42,68,69,96,0 329,62,360,91,0 323,76,346,102,0 148,159,181,196,0 181,156,210,186,0 318,157,347,190,0
/Users/aaron/code/captcha_detection/images/123.png 16,43,50,77,0 157,119,189,151,0 213,99,243,128,0 238,87,275,123,0 276,153,311,188,0 358,150,384,182,0
/Users/aaron/code/captcha_detection/images/36.png 48,71,72,103,0 121,100,154,130,0 191,163,234,200,0 299,139,332,171,0 317,104,349,136,0 344,91,376,120,0
/Users/aaron/code/captcha_detection/images/22.png 39,80,76,118,0 177,52,210,86,0 140,66,174,98,0 151,88,181,117,0 135,109,167,142,0 274,134,305,165,0
/Users/aaron/code/captcha_detection/images/23.png 158,59,191,90,0 37,125,70,158,0 70,121,104,156,0 164,99,199,134,0 359,153,387,182,0 354,143,386,174,0
/Users/aaron/code/captcha_detection/images/37.png 82,73,112,104,0 40,150,81,190,0 200,101,236,138,0 319,75,353,111,0 247,140,281,182,0
/Users/aaron/code/captcha_detection/images/122.png 254,53,286,85,0 88,78,118,111,0 102,64,136,97,0 147,87,179,117,0 213,87,247,123,0 224,106,252,137,0
/Users/aaron/code/captcha_detection/images/136.png 29,113,66,150,0 228,146,258,182,0 272,101,304,134,0 353,66,382,97,0 323,105,356,138,0 323,115,355,149,0
/Users/aaron/code/captcha_detection/images/132.png 35,56,68,92,0 202,63,234,96,0 223,68,252,97,0 274,126,306,155,0 258,153,284,180,0 83,127,117,160,0
/Users/aaron/code/captcha_detection/images/126.png 36,123,67,153,0 162,123,192,152,0 202,72,233,105,0 356,66,391,97,0 366,94,396,124,0 289,158,319,187,0
/Users/aaron/code/captcha_detection/images/33.png 193,42,229,77,0 207,70,239,99,0 139,83,170,113,0 119,101,153,135,0 52,154,90,191,0 356,102,380,133,0
/Users/aaron/code/captcha_detection/images/27.png 134,47,163,77,0 151,52,186,85,0 142,90,181,128,0 245,40,278,73,0 316,53,353,85,0 364,147,400,183,0
/Users/aaron/code/captcha_detection/images/26.png 32,134,59,163,0 59,110,95,149,0 137,82,171,119,0 134,142,164,171,0 271,134,303,165,0 201,163,244,199,0
/Users/aaron/code/captcha_detection/images/32.png 105,67,137,98,0 47,149,77,178,0 173,59,205,93,0 129,90,154,122,0 209,113,243,147,0 139,146,174,182,0
/Users/aaron/code/captcha_detection/images/127.png 124,45,155,73,0 124,126,163,168,0 344,69,376,103,0 328,87,363,122,0 302,96,334,131,0 331,141,358,170,0
/Users/aaron/code/captcha_detection/images/133.png 35,130,63,155,0 69,158,100,189,0 205,74,239,104,0 223,78,261,115,0 267,91,301,122,0 341,97,380,131,0
/Users/aaron/code/captcha_detection/images/119.png 99,51,126,78,0 89,105,120,135,0 311,98,341,125,0 335,155,362,184,0 364,152,391,179,0
/Users/aaron/code/captcha_detection/images/125.png 28,114,60,145,0 228,74,257,110,0 303,105,337,140,0 342,112,372,141,0 95,134,128,166,0 36,151,68,182,0
/Users/aaron/code/captcha_detection/images/131.png 40,45,76,80,0 122,71,150,102,0 182,74,211,102,0 256,79,289,113,0 218,134,249,163,0 340,147,370,175,0
/Users/aaron/code/captcha_detection/images/24.png 80,136,117,173,0 140,119,166,147,0 171,70,202,103,0 218,45,249,74,0 232,68,259,99,0 336,102,369,135,0
/Users/aaron/code/captcha_detection/images/30.png 21,89,59,125,0 29,98,63,131,0 84,148,119,182,0 99,159,140,195,0 268,104,297,134,0 277,132,309,165,0
/Users/aaron/code/captcha_detection/images/18.png 110,79,143,109,0 135,116,162,145,0 212,144,242,174,0 278,150,309,184,0 329,157,361,190,0 337,129,374,166,0
/Users/aaron/code/captcha_detection/images/19.png 120,46,154,76,0 81,59,117,95,0 29,154,62,186,0 126,153,155,186,0 325,55,356,86,0 289,116,322,150,0
/Users/aaron/code/captcha_detection/images/31.png 124,53,151,84,0 26,50,64,86,0 49,88,81,117,0 251,118,281,150,0 284,76,318,107,0 338,93,374,132,0
/Users/aaron/code/captcha_detection/images/25.png 92,43,128,73,0 23,154,61,190,0 99,118,137,157,0 182,41,216,73,0 280,93,319,130,0 280,133,315,170,0
/Users/aaron/code/captcha_detection/images/130.png 27,105,62,139,0 177,49,209,81,0 190,108,222,141,0 174,144,206,177,0 325,129,353,157,0 350,127,388,162,0
/Users/aaron/code/captcha_detection/images/124.png 19,52,49,83,0 276,41,303,68,0 24,110,56,143,0 277,82,312,114,0 127,160,151,188,0 355,129,392,165,0
/Users/aaron/code/captcha_detection/images/118.png 53,40,82,68,0 71,112,101,144,0 197,83,217,110,0 224,117,254,148,0 300,108,326,143,0 322,118,348,146,0
/Users/aaron/code/captcha_detection/images/143.png 252,73,281,101,0 274,84,307,116,0 328,139,359,169,0 181,119,213,155,0 198,118,227,150,0 123,144,151,167,0
/Users/aaron/code/captcha_detection/images/157.png 38,89,57,119,0 181,104,207,131,0 296,60,326,88,0 335,88,371,120,0 344,155,382,192,0 362,156,392,186,0
/Users/aaron/code/captcha_detection/images/81.png 27,39,57,67,0 254,52,286,89,0 119,155,148,187,0 135,158,175,195,0 191,142,225,174,0 254,142,286,175,0
/Users/aaron/code/captcha_detection/images/95.png 57,89,87,120,0 47,138,74,170,0 137,49,170,80,0 139,57,174,89,0 231,59,270,99,0 305,69,341,108,0
/Users/aaron/code/captcha_detection/images/180.png 85,40,113,65,0 92,90,124,121,0 53,153,83,180,0 296,58,327,87,0 205,144,241,178,0 206,162,243,194,0
/Users/aaron/code/captcha_detection/images/194.png 30,79,67,117,0 111,57,145,90,0 83,140,117,176,0 243,64,272,91,0 302,85,334,117,0 288,144,325,183,0
/Users/aaron/code/captcha_detection/images/42.png 104,126,140,166,0 211,41,248,80,0 300,38,339,76,0 210,151,238,178,0 280,136,311,167,0 341,148,372,179,0
/Users/aaron/code/captcha_detection/images/56.png 33,85,64,115,0 159,60,195,95,0 220,90,249,121,0 256,90,289,125,0 219,124,249,158,0
/Users/aaron/code/captcha_detection/images/4.png 23,60,59,93,0 52,69,78,97,0 47,86,80,117,0 211,59,246,92,0 236,84,264,115,0 152,122,180,155,0
/Users/aaron/code/captcha_detection/images/57.png 53,76,74,104,0 14,117,47,150,0 91,105,130,143,0 143,70,182,105,0 117,145,148,177,0 345,151,378,185,0
/Users/aaron/code/captcha_detection/images/5.png 105,47,134,79,0 336,155,366,184,0 129,51,168,96,0 142,112,178,148,0 354,130,389,162,0
/Users/aaron/code/captcha_detection/images/43.png 22,86,53,114,0 134,107,165,137,0 175,122,214,160,0 258,54,295,88,0 319,108,358,143,0 331,132,364,164,0
/Users/aaron/code/captcha_detection/images/195.png 98,46,128,75,0 158,69,190,102,0 118,131,151,162,0 144,132,174,164,0 224,137,254,164,0 357,144,389,174,0
/Users/aaron/code/captcha_detection/images/181.png 90,153,119,179,0 168,65,198,99,0 210,64,245,97,0 175,98,212,135,0 251,157,280,185,0 328,166,365,200,0
/Users/aaron/code/captcha_detection/images/94.png 113,66,148,100,0 80,92,118,127,0 107,128,138,157,0 246,51,277,82,0 236,105,269,139,0 226,147,262,184,0
/Users/aaron/code/captcha_detection/images/80.png 75,48,112,83,0 170,118,205,151,0 270,90,300,121,0 342,90,378,109,0 274,126,303,160,0 312,130,339,161,0
/Users/aaron/code/captcha_detection/images/156.png 79,147,110,178,0 175,156,201,182,0 250,135,282,165,0 259,45,289,71,0 256,63,290,95,0 361,69,387,96,0
/Users/aaron/code/captcha_detection/images/142.png 22,58,43,83,0 42,99,81,135,0 111,83,143,115,0 148,97,182,129,0 252,57,284,88,0 340,76,366,107,0
/Users/aaron/code/captcha_detection/images/154.png 16,123,47,155,0 68,103,100,138,0 52,150,88,187,0 134,149,164,181,0 190,104,228,140,0 314,65,350,101,0
/Users/aaron/code/captcha_detection/images/140.png 35,84,68,116,0 184,62,213,88,0 67,121,100,154,0 110,119,145,155,0 300,92,339,127,0 321,117,347,151,0
/Users/aaron/code/captcha_detection/images/168.png 63,92,95,124,0 137,104,168,133,0 82,121,116,153,0 303,93,332,121,0 341,114,373,150,0 339,145,370,176,0
/Users/aaron/code/captcha_detection/images/96.png 33,114,59,147,0 178,74,211,108,0 279,73,309,107,0 280,123,309,153,0 289,129,312,158,0 359,41,391,76,0
/Users/aaron/code/captcha_detection/images/82.png 137,63,165,91,0 167,81,204,118,0 187,143,225,183,0 246,85,282,119,0 246,99,283,135,0 246,122,280,151,0
/Users/aaron/code/captcha_detection/images/197.png 111,50,141,77,0 282,55,316,91,0 90,135,127,170,0 251,104,280,131,0 232,116,258,147,0 336,148,363,176,0
/Users/aaron/code/captcha_detection/images/69.png 119,43,154,72,0 68,106,102,139,0 44,141,82,177,0 147,139,179,170,0 298,109,334,145,0 359,80,388,112,0
/Users/aaron/code/captcha_detection/images/183.png 43,79,80,114,0 236,62,264,89,0 123,130,159,166,0 113,149,145,181,0 276,110,307,142,0 350,108,385,140,0
/Users/aaron/code/captcha_detection/images/7.png 168,52,197,81,0 121,69,161,104,0 145,122,178,159,0 143,156,179,192,0 193,118,223,146,0 187,146,226,183,0
/Users/aaron/code/captcha_detection/images/55.png 55,128,86,160,0 114,86,144,115,0 187,50,219,79,0 135,159,171,192,0 236,112,270,145,0 365,95,394,128,0
/Users/aaron/code/captcha_detection/images/41.png 42,112,65,140,0 112,56,154,97,0 210,44,247,78,0 217,98,254,134,0 233,90,265,123,0 351,51,379,85,0
/Users/aaron/code/captcha_detection/images/40.png 17,78,51,110,0 128,62,160,94,0 152,62,183,92,0 208,60,237,86,0 359,49,389,76,0 356,77,390,108,0
/Users/aaron/code/captcha_detection/images/6.png 27,44,63,78,0 69,94,99,121,0 166,156,199,189,0 215,111,243,142,0 297,96,330,133,0 312,108,340,140,0
/Users/aaron/code/captcha_detection/images/54.png 98,57,134,90,0 75,105,103,133,0 73,141,109,177,0 229,58,263,90,0 219,94,256,134,0 288,156,321,189,0
/Users/aaron/code/captcha_detection/images/182.png 193,44,219,70,0 160,130,196,167,0 246,45,278,73,0 280,60,312,91,0 248,118,275,145,0 226,144,258,177,0
/Users/aaron/code/captcha_detection/images/196.png 167,45,197,77,0 41,110,70,139,0 97,84,134,120,0 110,121,135,155,0 316,140,346,172,0 149,76,188,111,0
/Users/aaron/code/captcha_detection/images/68.png 90,145,120,181,0 127,84,160,113,0 223,46,261,81,0 179,135,218,173,0 307,50,346,89,0 335,113,369,146,0
/Users/aaron/code/captcha_detection/images/83.png 62,145,99,182,0 206,154,241,187,0 249,135,288,172,0 209,88,237,119,0 226,71,259,102,0 314,82,346,113,0
/Users/aaron/code/captcha_detection/images/169.png 35,144,67,176,0 85,117,116,146,0 166,56,200,88,0 272,39,295,67,0 295,48,321,75,0 301,117,333,148,0
/Users/aaron/code/captcha_detection/images/97.png 143,64,171,100,0 235,71,270,104,0 299,57,334,92,0 230,160,264,193,0 301,85,333,114,0 332,152,369,189,0
/Users/aaron/code/captcha_detection/images/141.png 57,50,86,86,0 202,56,237,90,0 287,64,317,90,0 216,105,251,140,0 213,124,248,156,0 311,120,344,154,0
/Users/aaron/code/captcha_detection/images/155.png 18,95,53,132,0 49,91,72,122,0 90,154,125,186,0 159,123,188,151,0 323,130,354,165,0 310,145,339,175,0
/Users/aaron/code/captcha_detection/images/93.png 45,83,80,119,0 123,46,153,77,0 130,50,164,88,0 320,49,354,83,0 325,78,348,107,0 343,95,379,134,0
/Users/aaron/code/captcha_detection/images/179.png 168,98,201,131,0 326,100,358,131,0 104,135,139,167,0 134,143,168,175,0 113,149,147,183,0
/Users/aaron/code/captcha_detection/images/87.png 73,55,106,86,0 167,47,206,84,0 46,130,72,156,0 87,124,120,157,0 269,89,298,116,0 331,85,364,120,0
/Users/aaron/code/captcha_detection/images/151.png 21,120,51,153,0 56,114,88,146,0 184,59,213,86,0 160,117,194,151,0 191,132,224,162,0 294,141,324,169,0
/Users/aaron/code/captcha_detection/images/145.png 52,56,85,88,0 105,53,138,84,0 146,46,170,78,0 32,140,64,170,0 61,153,90,182,0 94,156,127,188,0
/Users/aaron/code/captcha_detection/images/50.png 57,85,89,117,0 42,152,79,187,0 206,96,238,130,0 177,145,214,185,0 234,99,270,135,0 321,72,353,102,0
/Users/aaron/code/captcha_detection/images/2.png 292,74,321,102,0 244,67,281,103,0 26,41,60,78,0 55,61,86,91,0 309,139,346,177,0
/Users/aaron/code/captcha_detection/images/44.png 117,152,149,182,0 218,51,249,88,0 187,131,222,168,0 260,131,296,168,0 294,132,328,165,0 299,57,332,95,0
/Users/aaron/code/captcha_detection/images/192.png 123,97,157,131,0 139,147,172,178,0 240,126,271,159,0 270,155,306,189,0 329,66,355,94,0 354,107,388,145,0
/Users/aaron/code/captcha_detection/images/186.png 25,153,55,184,0 161,94,195,128,0 105,152,132,180,0 115,145,154,180,0 169,139,202,173,0 200,126,232,157,0
/Users/aaron/code/captcha_detection/images/78.png 15,50,50,87,0 34,57,70,93,0 114,97,150,132,0 268,65,298,94,0 247,118,276,149,0 308,88,341,124,0
/Users/aaron/code/captcha_detection/images/187.png 35,44,68,76,0 59,71,86,98,0 139,139,169,170,0 201,122,237,158,0 298,157,326,192,0 276,87,310,118,0
/Users/aaron/code/captcha_detection/images/79.png 24,90,57,121,0 89,114,113,140,0 82,137,110,163,0 94,155,129,190,0 158,109,194,147,0 224,68,256,100,0
/Users/aaron/code/captcha_detection/images/193.png 55,108,92,146,0 103,86,131,114,0 212,51,244,88,0 293,149,320,180,0 318,117,353,151,0 356,119,385,150,0
/Users/aaron/code/captcha_detection/images/45.png 89,50,126,87,0 168,60,197,88,0 44,140,80,174,0 29,158,60,187,0 293,69,329,106,0 307,110,341,142,0
/Users/aaron/code/captcha_detection/images/51.png 97,59,132,94,0 58,105,96,144,0 257,140,296,177,0 300,69,329,96,0 313,67,342,95,0 342,51,377,83,0
/Users/aaron/code/captcha_detection/images/3.png 316,68,351,103,0 360,57,381,84,0 163,87,199,122,0 84,158,123,195,0 233,106,267,140,0 234,153,264,184,0
/Users/aaron/code/captcha_detection/images/144.png 83,56,110,83,0 161,139,190,166,0 194,112,229,146,0 313,75,345,106,0 286,143,316,172,0 267,152,302,188,0
/Users/aaron/code/captcha_detection/images/150.png 249,50,281,87,0 60,125,92,156,0 142,103,177,139,0 134,137,167,168,0 217,86,248,119,0 329,142,359,170,0
/Users/aaron/code/captcha_detection/images/178.png 19,140,56,177,0 60,122,89,153,0 168,145,192,178,0 225,76,259,110,0 326,126,352,152,0 341,113,370,143,0
/Users/aaron/code/captcha_detection/images/86.png 102,145,132,173,0 157,106,189,135,0 139,129,180,165,0 284,49,318,84,0 294,106,328,141,0
/Users/aaron/code/captcha_detection/images/92.png 86,98,116,123,0 231,56,265,90,0 280,42,316,82,0 269,88,294,115,0 341,101,379,141,0 191,140,228,178,0
/Users/aaron/code/captcha_detection/images/84.png 33,53,66,85,0 105,70,137,98,0 164,99,195,133,0 351,68,387,102,0 332,122,364,153,0 330,150,364,183,0
/Users/aaron/code/captcha_detection/images/90.png 81,83,110,114,0 94,78,125,115,0 98,98,135,134,0 210,80,238,107,0 263,46,293,77,0 294,50,327,84,0
/Users/aaron/code/captcha_detection/images/146.png 69,55,104,90,0 114,64,149,98,0 64,138,93,166,0 54,155,85,183,0 324,162,358,196,0 347,85,369,111,0
/Users/aaron/code/captcha_detection/images/152.png 138,42,176,79,0 101,79,133,110,0 159,88,189,117,0 153,120,184,156,0 192,125,232,163,0 337,144,374,181,0
/Users/aaron/code/captcha_detection/images/47.png 34,103,71,141,0 40,142,70,175,0 119,103,160,141,0 151,154,187,194,0 179,131,204,160,0 348,132,377,165,0
/Users/aaron/code/captcha_detection/images/1.png 211,85,242,115,0 309,102,344,139,0 106,131,141,167,0 252,61,282,91,0 325,92,362,131,0 323,52,357,90,0
/Users/aaron/code/captcha_detection/images/53.png 50,85,87,120,0 166,44,198,75,0 49,144,83,178,0 175,161,209,198,0 299,87,328,117,0 361,159,399,198,0
/Users/aaron/code/captcha_detection/images/185.png 74,143,105,171,0 154,148,189,181,0 260,79,296,115,0 201,155,239,191,0 277,145,307,173,0 333,111,369,147,0
/Users/aaron/code/captcha_detection/images/191.png 50,91,79,120,0 25,155,60,191,0 210,57,248,93,0 198,115,226,146,0 267,104,292,137,0 323,105,360,140,0
/Users/aaron/code/captcha_detection/images/190.png 43,51,71,79,0 22,98,50,129,0 57,112,88,140,0 126,42,152,70,0 291,43,324,73,0 265,152,295,180,0
/Users/aaron/code/captcha_detection/images/184.png 48,87,81,120,0 100,66,138,101,0 293,50,325,82,0 166,141,199,176,0 285,157,323,195,0 334,84,370,118,0
/Users/aaron/code/captcha_detection/images/0.png 168,49,206,85,0 94,150,128,183,0 39,77,72,109,0 88,50,116,77,0 223,53,252,82,0 315,53,347,86,0
/Users/aaron/code/captcha_detection/images/52.png 96,93,126,123,0 153,76,182,106,0 241,49,272,82,0 181,115,215,149,0 176,142,212,177,0 242,155,279,191,0
/Users/aaron/code/captcha_detection/images/46.png 59,46,90,76,0 124,74,156,104,0 53,157,92,195,0 74,158,105,191,0 270,95,307,130,0 309,46,348,85,0
/Users/aaron/code/captcha_detection/images/153.png 19,85,48,111,0 26,69,56,97,0 134,89,169,122,0 124,136,155,163,0 193,107,226,139,0 300,68,339,105,0
/Users/aaron/code/captcha_detection/images/147.png 111,56,140,81,0 23,123,59,159,0 174,74,213,117,0 155,150,191,185,0 343,63,375,95,0 331,108,362,141,0
/Users/aaron/code/captcha_detection/images/91.png 36,61,71,95,0 28,104,59,133,0 269,49,304,87,0 322,48,354,82,0 322,69,352,97,0 289,149,315,178,0
/Users/aaron/code/captcha_detection/images/85.png 187,41,221,73,0 171,145,206,175,0 252,91,284,121,0 218,126,254,163,0 249,160,281,194,0 314,155,351,190,0